0.00 5.90 6.84 4.40 1.83 0.35 2.65 3.93 1.62 5.91 4.57 1.07 4.91 7.58 2.93 4.37 5.72 4.89 2.93 4.00 5.73 1.53 4.16 6.51 6.04 4.00 4.99 6.71 5.95 1.74
5.90 0.00 2.56 1.91 4.62 5.68 6.11 3.69 4.90 1.75 10.41 5.00 10.58 2.77 6.00 1.54 9.85 6.92 8.69 4.48 10.85 5.62 1.78 9.09 3.35 3.77 2.15 5.51 5.95 7.11
6.84 2.56 0.00 2.56 5.12 6.52 7.88 5.90 5.39 1.06 10.93 6.23 10.84 0.82 7.86 3.32 9.23 5.89 9.18 6.70 10.67 7.10 3.58 7.88 1.46 6.00 1.85 3.47 4.31 7.52
4.40 1.91 2.56 0.00 2.86 4.12 5.33 3.62 3.14 1.54 8.75 3.69 8.82 3.23 5.33 1.16 7.94 5.07 7.00 4.38 8.98 4.54 1.32 7.24 2.38 3.73 0.84 4.23 4.36 5.37
1.83 4.62 5.12 2.86 0.00 1.48 3.90 3.92 0.29 4.26 5.90 1.75 5.97 5.89 4.08 3.21 5.61 3.70 4.14 4.33 6.28 2.76 3.07 5.68 4.23 4.03 3.30 4.95 4.30 2.51
0.35 5.68 6.52 4.12 1.48 0.00 2.89 3.92 1.27 5.61 4.75 1.06 5.03 7.27 3.15 4.16 5.60 4.59 3.06 4.06 5.73 1.73 3.95 6.27 5.71 4.00 4.68 6.36 5.60 1.71
2.65 6.11 7.88 5.33 3.90 2.89 0.00 2.73 3.84 6.83 6.03 2.15 6.72 8.48 0.35 4.69 8.29 7.44 4.84 2.26 7.95 1.17 4.42 9.15 7.53 2.72 6.13 8.73 8.20 4.24
3.93 3.69 5.90 3.62 3.92 3.92 2.73 0.00 4.06 4.86 8.29 2.87 8.78 6.34 2.52 2.59 9.41 7.53 6.79 0.80 9.65 2.80 2.35 9.58 6.00 0.12 4.45 7.72 7.57 5.63
1.62 4.90 5.39 3.14 0.29 1.27 3.84 4.06 0.00 4.55 5.61 1.69 5.69 6.17 4.04 3.47 5.41 3.67 3.85 4.43 6.02 2.68 3.33 5.58 4.48 4.16 3.58 5.11 4.41 2.22
5.91 1.75 1.06 1.54 4.26 5.61 6.83 4.86 4.55 0.00 10.15 5.24 10.13 1.68 6.81 2.27 8.84 5.64 8.39 5.65 10.11 6.08 2.53 7.74 1.62 4.96 0.98 3.80 4.37 6.73
4.57 10.41 10.93 8.75 5.90 4.75 6.03 8.29 5.61 10.15 0.00 5.60 1.06 11.73 6.37 8.90 4.63 6.62 1.76 8.12 2.90 5.50 8.70 6.83 9.83 8.33 9.17 9.66 8.52 3.42
1.07 5.00 6.23 3.69 1.75 1.06 2.15 2.87 1.69 5.24 5.60 0.00 5.98 6.92 2.35 3.46 6.64 5.34 3.99 3.01 6.78 1.02 3.22 7.16 5.63 2.94 4.39 6.63 6.05 2.76
4.91 10.58 10.84 8.82 5.97 5.03 6.72 8.78 5.69 10.13 1.06 5.98 0.00 11.65 7.07 9.11 3.71 6.08 1.99 8.70 1.85 6.05 8.93 6.02 9.65 8.84 9.15 9.25 8.07 3.47
7.58 2.77 0.82 3.23 5.89 7.27 8.48 6.34 6.17 1.68 11.73 6.92 11.65 0.00 8.43 3.82 10.03 6.67 9.97 7.14 11.49 7.75 4.09 8.62 2.22 6.43 2.59 4.07 5.01 8.31
2.93 6.00 7.86 5.33 4.08 3.15 0.35 2.52 4.04 6.81 6.37 2.35 7.07 8.43 0.00 4.63 8.60 7.68 5.18 1.98 8.29 1.42 4.35 9.42 7.57 2.50 6.14 8.85 8.36 4.56
4.37 1.54 3.32 1.16 3.21 4.16 4.69 2.59 3.47 2.27 8.90 3.46 9.11 3.82 4.63 0.00 8.67 6.03 7.19 3.39 9.49 4.11 0.27 8.20 3.47 2.70 1.92 5.38 5.49 5.65
5.72 9.85 9.23 7.94 5.61 5.60 8.29 9.41 5.41 8.84 4.63 6.64 3.71 10.03 8.60 8.67 0.00 3.44 4.06 9.64 2.17 7.24 8.59 2.45 7.82 9.50 7.93 6.69 5.45 4.04
4.89 6.92 5.89 5.07 3.70 4.59 7.44 7.53 3.67 5.64 6.62 5.34 6.08 6.67 7.68 6.03 3.44 0.00 5.19 8.02 5.25 6.27 6.03 2.18 4.45 7.64 4.83 3.30 2.06 3.98
2.93 8.69 9.18 7.00 4.14 3.06 4.84 6.79 3.85 8.39 1.76 3.99 1.99 9.97 5.18 7.19 4.06 5.19 0.00 6.74 3.14 4.09 7.00 5.85 8.10 6.85 7.41 8.05 6.97 1.66
4.00 4.48 6.70 4.38 4.33 4.06 2.26 0.80 4.43 5.65 8.12 3.01 8.70 7.14 1.98 3.39 9.64 8.02 6.74 0.00 9.71 2.65 3.14 10.01 6.76 0.71 5.22 8.42 8.20 5.73
5.73 10.85 10.67 8.98 6.28 5.73 7.95 9.65 6.02 10.11 2.90 6.78 1.85 11.49 8.29 9.49 2.17 5.25 3.14 9.71 0.00 7.10 9.35 4.62 9.35 9.72 9.15 8.54 7.31 4.02
1.53 5.62 7.10 4.54 2.76 1.73 1.17 2.80 2.68 6.08 5.50 1.02 6.05 7.75 1.42 4.11 7.24 6.27 4.09 2.65 7.10 0.00 3.85 8.00 6.59 2.83 5.28 7.66 7.06 3.22
4.16 1.78 3.58 1.32 3.07 3.95 4.42 2.35 3.33 2.53 8.70 3.22 8.93 4.09 4.35 0.27 8.59 6.03 7.00 3.14 9.35 3.85 0.00 8.20 3.68 2.46 2.12 5.54 5.59 5.47
6.51 9.09 7.88 7.24 5.68 6.27 9.15 9.58 5.58 7.74 6.83 7.16 6.02 8.62 9.42 8.20 2.45 2.18 5.85 10.01 4.62 8.00 8.20 0.00 6.42 9.69 6.98 4.81 3.65 5.17
6.04 3.35 1.46 2.38 4.23 5.71 7.53 6.00 4.48 1.62 9.83 5.63 9.65 2.22 7.57 3.47 7.82 4.45 8.10 6.76 9.35 6.59 3.68 6.42 0.00 6.11 1.55 2.18 2.87 6.45
4.00 3.77 6.00 3.73 4.03 4.00 2.72 0.12 4.16 4.96 8.33 2.94 8.84 6.43 2.50 2.70 9.50 7.64 6.85 0.71 9.72 2.83 2.46 9.69 6.11 0.00 4.56 7.84 7.69 5.70
4.99 2.15 1.85 0.84 3.30 4.68 6.13 4.45 3.58 0.98 9.17 4.39 9.15 2.59 6.14 1.92 7.93 4.83 7.41 5.22 9.15 5.28 2.12 6.98 1.55 4.56 0.00 3.51 3.81 5.75
6.71 5.51 3.47 4.23 4.95 6.36 8.73 7.72 5.11 3.80 9.66 6.63 9.25 4.07 8.85 5.38 6.69 3.30 8.05 8.42 8.54 7.66 5.54 4.81 2.18 7.84 3.51 0.00 1.25 6.54
5.95 5.95 4.31 4.36 4.30 5.60 8.20 7.57 4.41 4.37 8.52 6.05 8.07 5.01 8.36 5.49 5.45 2.06 6.97 8.20 7.31 7.06 5.59 3.65 2.87 7.69 3.81 1.25 0.00 5.53
1.74 7.11 7.52 5.37 2.51 1.71 4.24 5.63 2.22 6.73 3.42 2.76 3.47 8.31 4.56 5.65 4.04 3.98 1.66 5.73 4.02 3.22 5.47 5.17 6.45 5.70 5.75 6.54 5.53 0.00
